1 2 0.17 18 0.21 17 0.34
2 1 0.17 3 0.16 20 0.19 19 0.18
3 2 0.16 4 0.13
4 3 0.13 20 0.14 5 0.47
5 4 0.47 21 0.16 6 0.63
6 5 0.63 23 0.1 7 0.37
7 6 0.37 8 0.19
8 7 0.19 23 0.41 9 0.06
9 8 0.06 10 0.06 24 0.09
10 9 0.06 11 0.06
11 12 0.05 26 0.1
12 13 0.05
13 14 0.16
14 13 0.16 15 0.14 27 0.05
15 14 0.14 16 0.16 28 0.06
16 15 0.16 17 0.14 29 0.06
17 16 0.14 1 0.34 30 0.04
18 31 0.15 32 0.24 43 0.23
19 2 0.18 20 0.07 33 0.19 32 0.14
20 19 0.07 2 0.19 4 0.14 34 0.31
21 5 0.16 34 0.06 22 0.2
22 21 0.2 35 0.07 23 0.24
23 22 0.24 6 0.1 37 0.11 8 0.41
24 38 0.1 25 0.07
25 24 0.07 10 0.1 26 0.07
26 25 0.07 40 0.15 27 0.03
27 26 0.03 12 0.13 14 0.05 28 0.15
28 27 0.15 15 0.06 40 0.07 29 0.15
29 28 0.15 16 0.06 30 0.15 41 0.07
30 29 0.15 17 0.04 31 0.08
31 30 0.08 42 0.08 49 0.16
32 43 0.09 19 0.14 18 0.24
33 19 0.19 34 0.12 44 0.25
34 33 0.12 20 0.31 35 0.19 21 0.06
35 34 0.19 22 0.07 44 0.11 36 0.11
36 35 0.11 45 0.1 37 0.13
37 36 0.13 46 0.11 23 0.11 38 0.22
38 37 0.22 46 0.23 24 0.1
39 38 0.14 25 0.11
40 39 0.06 28 0.07 41 0.15
41 40 0.15 47 0.08 29 0.07 42 0.09
42 41 0.09 48 0.11
43 32 0.09 18 0.23 49 0.16
44 33 0.25 45 0.09 35 0.11
45 44 0.09 49 0.06 36 0.1
46 45 0.14 37 0.11
47 41 0.08 40 0.14
48 42 0.11 47 0.06 
49 48 0.12 43 0.16 31 0.16 45 0.06